# Define the set of draws
set DRAWS := 0 1 2 3 4 5 6 7 8 9 10 11 12 13 14;

# Hovedtall data (7 numbers per draw)
param Hovedtall : 1 2 3 4 5 6 7 :=
   14    9   16   18   24   26   31   33
   13    6    7    9   13   19   20   33
   12    4    7    8   20   32   33   34
   11    1    4    5   18   21   24   33
   10    3    5   12   15   16   21   29
    9    1    4    8   11   12   19   28
    8    3   10   15   17   21   23   32
    7    1    2    6   20   25   28   33
    6    3    8   15   24   29   33   34
    5    3    7   10   17   19   21   29
    4    6   11   13   16   17   21   34
    3    2    3   10   13   14   27   29
    2    7    8   13   20   21   30   31
    1    2    7   13   23   27   30   33
    0    4    6   13   19   21   25   33
;

# Stjernetall data (1 number per draw)
param Stjernetall :=
   14   29
   13   16
   12    3
   11   17
   10   18
    9   10
    8   31
    7   18
    6    5
    5   25
    4    3
    3   22
    2    1
    1   22
    0    5
;