# Define the set of draws
set DRAWS := 0 1 2 3 4 5 6 7 8 9 10 11 12 13 14 15 16 17 18 19 20 21 22 23 24 25 26 27 28 29;

# Hovedtall data (5 numbers per draw)
param Hovedtall : 1 2 3 4 5 :=
   29   14   20   26   30   31
   28    4    9   22   32   35
   27   15   18   25   29   35
   26    6    9   33   34   50
   25    4   11   16   46   50
   24   25   28   29   31   33
   23   13   21   22   26   48
   22   15   24   29   33   39
   21    8   11   25   31   48
   20    5   17   23   36   37
   19    7   11   27   42   45
   18    7   10   31   41   46
   17    2    3   17   40   44
   16    1    3   13   24   44
   15    9   17   19   26   39
   14    3   13   34   41   43
   13    6   15   25   29   41
   12   17   37   42   45   50
   11    4   16   27   34   44
   10   13   29   42   44   48
    9    8   11   23   44   45
    8    9   20   38   44   45
    7    2    4   23   30   40
    6    4   32   36   38   47
    5    2   19   36   42   50
    4    3   17   26   30   49
    3   13   21   27   28   41
    2   22   29   36   38   43
    1    6   23   38   42   45
    0    2    3   34   38   49
;

# Stjernetall data (2 numbers per draw)
param Stjernetall : 1 2 :=
   29    1    2
   28    9   10
   27    1    5
   26    1    7
   25    1    3
   24    6   12
   23    2    7
   22    2    9
   21   11   12
   20    5    9
   19    3   10
   18    1    5
   17    4    8
   16   11   12
   15    4   10
   14    1    5
   13    1    3
   12    6    7
   11    4    7
   10    2    8
    9   10   12
    8    4   12
    7    4   10
    6    3    9
    5    4    9
    4    1   10
    3    1    3
    2    1    6
    1    9   12
    0   10   11
;